[gd_scene load_steps=10 format=3 uid="uid://cw1penr7uus85"]

[ext_resource type="PackedScene" uid="uid://cxqpwuym5q7mr" path="res://maps/demos/new_map_ooohh.tscn" id="1_x8lj4"]
[ext_resource type="PackedScene" uid="uid://cw1u8hgwv37ki" path="res://Objects/player.tscn" id="3_i2d50"]
[ext_resource type="PackedScene" uid="uid://dkjow4684487v" path="res://Objects/spruce_01.tscn" id="3_te2ce"]
[ext_resource type="PackedScene" uid="uid://d12gp05dhg8b7" path="res://Objects/teleport_node.tscn" id="4_ik05a"]
[ext_resource type="PackedScene" uid="uid://bbtxgdr363xhj" path="res://Objects/carrot_bomb_upgrade.tscn" id="5_enmbv"]
[ext_resource type="MeshLibrary" uid="uid://cd5erxkdkw6pf" path="res://resources/spruce_mesh.tres" id="6_hq8un"]

[sub_resource type="Environment" id="Environment_7nwm7"]
ambient_light_energy = 0.0
reflected_light_source = 1
fog_light_color = Color(0.453627, 0.579171, 0.572939, 1)
volumetric_fog_enabled = true
volumetric_fog_density = 0.0358
volumetric_fog_length = 86.1

[sub_resource type="BoxShape3D" id="BoxShape3D_b0nl7"]
size = Vector3(7.65305, 11.8318, 10.3162)

[sub_resource type="BoxShape3D" id="BoxShape3D_ytvgq"]
size = Vector3(2.8562, 12.9335, 71.503)

[node name="Demo03" type="Node3D"]

[node name="new map ooohh" parent="." instance=ExtResource("1_x8lj4")]

[node name="WorldEnvironment" type="WorldEnvironment" parent="."]
environment = SubResource("Environment_7nwm7")

[node name="DirectionalLight3D" type="DirectionalLight3D" parent="."]
transform = Transform3D(1, 0, 0, 0, 0.673167, 0.73949, 0, -0.73949, 0.673167, 0, 9.99246, 0)
light_color = Color(0.93, 0.78771, 0.6138, 1)
light_energy = 1.495
light_indirect_energy = 2.933
light_bake_mode = 1
shadow_enabled = true
shadow_opacity = 0.53

[node name="Player" parent="." instance=ExtResource("3_i2d50")]
transform = Transform3D(1, 0, 0, 0, 1, 0, 0, 0, 1, 0, 1.33, 0)
mouse_sensitivity = 0.05

[node name="Progression wall" type="StaticBody3D" parent="." groups=["kill_wall"]]
transform = Transform3D(1, 0, 0, 0, 1, 0, 0, 0, 1, -20.313, 0, -6.83136)

[node name="spruce_01" parent="Progression wall" instance=ExtResource("3_te2ce")]
transform = Transform3D(0.999161, -0.035465, -0.0204757, -0.00258492, 0.444384, -0.895833, 0.0408698, 0.895134, 0.44392, 1.47453, 9.53674e-07, -4.13333)

[node name="spruce_02" parent="Progression wall" instance=ExtResource("3_te2ce")]
transform = Transform3D(0.999161, -0.035465, -0.0204757, 0.0375726, 0.595026, 0.802828, -0.0162887, -0.802924, 0.595859, -0.0377617, -0.548496, 4.20675)

[node name="spruce_03" parent="Progression wall" instance=ExtResource("3_te2ce")]
transform = Transform3D(1, 0, 0, 0, 1, 0, 0, 0, 1, -2.1784, 0.133258, 1.09857)

[node name="CollisionShape3D" type="CollisionShape3D" parent="Progression wall"]
transform = Transform3D(1, 0, 0, 0, 1, 0, 0, 0, 1, -0.316086, 0, 0)
shape = SubResource("BoxShape3D_b0nl7")

[node name="Progression wall2" type="StaticBody3D" parent="." groups=["kill_wall"]]
transform = Transform3D(0.100917, 0, -0.994895, 0, 1, 0, 0.994895, 0, 0.100917, 5.39852, 0, 13.3877)

[node name="spruce_01" parent="Progression wall2" instance=ExtResource("3_te2ce")]
transform = Transform3D(0.999161, -0.035465, -0.0204757, -0.00258492, 0.444384, -0.895833, 0.0408698, 0.895134, 0.44392, 1.47453, 9.53674e-07, -4.13333)

[node name="spruce_02" parent="Progression wall2" instance=ExtResource("3_te2ce")]
transform = Transform3D(0.999161, -0.035465, -0.0204757, 0.0375726, 0.595026, 0.802828, -0.0162887, -0.802924, 0.595859, -0.0377617, -0.548496, 4.20675)

[node name="spruce_03" parent="Progression wall2" instance=ExtResource("3_te2ce")]
transform = Transform3D(1, 0, 0, 0, 1, 0, 0, 0, 1, -2.1784, 0.133258, 1.09857)

[node name="CollisionShape3D" type="CollisionShape3D" parent="Progression wall2"]
transform = Transform3D(1, 0, 0, 0, 1, 0, 0, 0, 1, -0.316086, 0, 0)
shape = SubResource("BoxShape3D_b0nl7")

[node name="teleport_node" parent="." instance=ExtResource("4_ik05a")]
transform = Transform3D(1, 0, 0, 0, 1, 0, 0, 0, 1, -11.2805, 3.72391, 9.13845)

[node name="upgrade_pickup" parent="." instance=ExtResource("5_enmbv")]
transform = Transform3D(1, 0, 0, 0, 1, 0, 0, 0, 1, 5.94862, 1.39803, 0.427643)

[node name="upgrade_pickup2" parent="." instance=ExtResource("5_enmbv")]
transform = Transform3D(1, 0, 0, 0, 1, 0, 0, 0, 1, 5.94862, 1.39803, -2.97142)
type = 1

[node name="StaticBody3D" type="StaticBody3D" parent="."]
transform = Transform3D(1, 0, 0, 0, 1, 0, 0, 0, 1, 41.6883, 0, 70.4625)

[node name="CollisionShape3D" type="CollisionShape3D" parent="StaticBody3D"]
transform = Transform3D(0.824827, 0, -0.565385, 0, 1, 0, 0.565385, 0, 0.824827, 0.890812, 5.98917, -1.76781)
shape = SubResource("BoxShape3D_ytvgq")

[node name="GridMap" type="GridMap" parent="."]
mesh_library = ExtResource("6_hq8un")
cell_octant_size = 16
data = {
"cells": PackedInt32Array(-65521, 47, 0, -65519, 43, 0, -65520, 43, 0, -65516, 46, 0, -65519, 49, 0, -65518, 46, 0, -65514, 41, 0, -65513, 36, 0, -65516, 38, 0, -65517, 42, 0, -65505, 23, 0, -65508, 27, 0, -65511, 30, 0, -65512, 33, 0, -65508, 32, 0, -65515, 34, 0, -65518, 40, 0, -65523, 47, 0, -65522, 45, 0, -65507, 22, 0, -65509, 25, 0, -65510, 27, 0, -65504, 26, 0, -65506, 29, 0, -65501, 21, 0, -65510, 35, 0, -65512, 39, 0, -65502, 29, 0, -65504, 31, 0, -65505, 33, 0, -65501, 25, 0, -65504, 27, 0, -65510, 37, 0, -65507, 35, 0, -65513, 44, 0, -65515, 44, 0, -65511, 41, 0, -65515, 48, 0, -65517, 51, 0, -65519, 52, 0, -65513, 47, 0, -65521, 50, 0, -65516, 36, 0, -65513, 31, 0, -65518, 38, 0, -65507, 38, 0, 10, 15, 0, 6, 28, 0, 9, 26, 0, 10, 29, 0, 65534, 30, 0, 65530, 33, 0, 65527, 30, 0, 3, 35, 0, 65526, 34, 0, 65520, 32, 0, 65518, 34, 0, 65517, 30, 0, 2, 26, 0, 5, 32, 0, 65535, 35, 0, 1, 31, 0, -65534, 21, 0, -65522, 22, 0, -65515, 23, 0, -65517, 21, 0, -65530, 41, 0, -28, 26, 0, -29, 28, 0, -25, 30, 0, -32, 32, 0, -26, 43, 0, -37, 31, 0, -38, 31, 0, -38, 32, 0, -37, 32, 0, -37, 33, 0, -38, 34, 0, -40, 31, 0, -41, 34, 0, -44, 30, 0, -44, 32, 0, -32, 47, 0, -32, 46, 0, -33, 46, 0, -33, 47, 0, -33, 48, 0, -35, 47, 0, -34, 50, 0, -37, 49, 0, -36, 52, 0, -39, 49, 0, -38, 52, 0, -36, 54, 0, -39, 51, 0, -39, 54, 0, -37, 10, 0, -38, 8, 0, -39, 11, 0, -39, 6, 0, -40, 6, 0, -39, 5, 0, -40, 9, 0, -42, 4, 0, -39, 3, 0, -42, 9, 0, -42, 6, 0, -43, 6, 0, -43, 11, 0, -44, 10, 0, -45, 12, 0, -45, 11, 0, -45, 6, 0, -46, 8, 0, -45, 2, 0, -48, 4, 0, -48, 11, 0, 262135, 3, 0, 262132, 4, 0, 262134, 10, 0, 262134, 11, 0, 262131, 16, 0, 262127, 15, 0, 262140, 7, 0, 262125, 8, 0, 262123, 7, 0, 262127, 5, 0, 262123, 11, 0, 262129, 11, 0, 262137, 8, 0, 196614, 4, 0, 196616, 0, 0, 196619, 65534, 0, 196624, 65535, 0, 196619, 4, 0, 196623, 3, 0, 196616, 6, 0, 196620, 2, 0, 196622, 7, 0, 196627, 6, 0, 196631, 4, 0, 196632, 7, 0, 196635, 7, 0, 196631, 12, 0, 196634, 12, 0, 196639, 13, 0, 196645, 14, 0, 196638, 16, 0, 196643, 12, 0, 196646, 10, 0, 196625, 10, 0, 196619, 8, 0)
}
metadata/_editor_floor_ = Vector3(0, 3, 0)
