[gd_scene load_steps=20 format=3 uid="uid://17lufn62send"]

[ext_resource type="PackedScene" uid="uid://cw1u8hgwv37ki" path="res://Objects/player.tscn" id="2_4ouim"]
[ext_resource type="Texture2D" uid="uid://dkcle5nicbu0v" path="res://resources/textures/sky/sky.png" id="3_tsuor"]
[ext_resource type="FontFile" uid="uid://dp0ci4175pslj" path="res://resources/fonts/RobotoSlab/RobotoSlab-Regular.ttf" id="6_tn83p"]
[ext_resource type="PackedScene" uid="uid://c8p4mxnlyp6j5" path="res://modules/gameplay/pickable.tscn" id="7_aui3r"]
[ext_resource type="MeshLibrary" uid="uid://cpk1g7lw1t41v" path="res://resources/bush.tres" id="7_bgqhr"]
[ext_resource type="MeshLibrary" uid="uid://cd5erxkdkw6pf" path="res://resources/spruce_mesh.tres" id="8_4e57c"]
[ext_resource type="PackedScene" uid="uid://dnkiplikdqn3i" path="res://maps/demos/map02.tscn" id="8_rpq2x"]
[ext_resource type="PackedScene" uid="uid://cuc1aev8r8n6u" path="res://Objects/campfire.tscn" id="9_01rqr"]
[ext_resource type="PackedScene" uid="uid://cq0p4bu8ch5y6" path="res://Objects/npcs/enemy.tscn" id="9_52cx1"]
[ext_resource type="Script" path="res://resources/scripts/outofbonds.gd" id="10_0xwvs"]
[ext_resource type="PackedScene" uid="uid://dfkyflvykso5b" path="res://Objects/big_big_wood_stick.tscn" id="11_8l1pf"]
[ext_resource type="PackedScene" uid="uid://dkjow4684487v" path="res://Objects/spruce_01.tscn" id="12_2s815"]

[sub_resource type="PanoramaSkyMaterial" id="PanoramaSkyMaterial_3irlv"]
panorama = ExtResource("3_tsuor")

[sub_resource type="Sky" id="Sky_dolo4"]
sky_material = SubResource("PanoramaSkyMaterial_3irlv")

[sub_resource type="Environment" id="Environment_opw5p"]
background_mode = 2
background_color = Color(0, 0.054902, 0.0941176, 1)
sky = SubResource("Sky_dolo4")
fog_light_color = Color(0.12005, 0.134382, 0.156915, 1)
fog_density = 0.048
fog_sky_affect = 0.8
volumetric_fog_albedo = Color(0.122252, 0.122252, 0.122252, 1)
volumetric_fog_sky_affect = 0.667
adjustment_enabled = true
adjustment_brightness = 0.8
adjustment_saturation = 1.2

[sub_resource type="StandardMaterial3D" id="StandardMaterial3D_8hkxx"]
albedo_color = Color(0.88, 0.44, 0.22, 1)

[sub_resource type="TextMesh" id="TextMesh_35dys"]
material = SubResource("StandardMaterial3D_8hkxx")
text = "Carrot"
font = ExtResource("6_tn83p")
font_size = 90

[sub_resource type="PlaneMesh" id="PlaneMesh_it0an"]

[sub_resource type="BoxShape3D" id="BoxShape3D_tuiya"]
size = Vector3(100, 5, 100)

[node name="Level01Demo" type="Node3D"]

[node name="CharacterBody3D" parent="." instance=ExtResource("2_4ouim")]
transform = Transform3D(0.71032, 0, -0.703878, 0, 1, 0, 0.703878, 0, 0.71032, 112.428, 1.535, 26.5688)
mouse_sensitivity = 0.02

[node name="WorldEnvironment" type="WorldEnvironment" parent="."]
environment = SubResource("Environment_opw5p")

[node name="campfires" type="Node" parent="."]

[node name="campfire2" parent="campfires" instance=ExtResource("9_01rqr")]
transform = Transform3D(1, 0, 0, 0, 1, 0, 0, 0, 1, -1.16493, -9.53674e-07, -3.38013)

[node name="OmniLight3D" type="OmniLight3D" parent="campfires/campfire2"]
transform = Transform3D(1, 0, 0, 0, 1, 0, 0, 0, 1, 0, 1.70579, 2.38419e-07)
layers = 524289
light_color = Color(0.77, 0.325325, 0.00769999, 1)
light_energy = 8.403
shadow_enabled = true
shadow_bias = 0.679
omni_range = 83.571

[node name="campfire7" parent="campfires" instance=ExtResource("9_01rqr")]
transform = Transform3D(1, 0, 0, 0, 1, 0, 0, 0, 1, 73.4089, 9.53675e-07, 58.796)

[node name="OmniLight3D" type="OmniLight3D" parent="campfires/campfire7"]
transform = Transform3D(1, 0, 0, 0, 1, 0, 0, 0, 1, 0, 0.705787, 0)
layers = 524289
light_color = Color(0.77, 0.325325, 0.00769999, 1)
light_energy = 6.302
shadow_enabled = true
shadow_bias = 0.679
omni_range = 83.571

[node name="campfire9" parent="campfires" instance=ExtResource("9_01rqr")]
transform = Transform3D(1, 0, 0, 0, 1, 0, 0, 0, 1, 133.287, 9.53675e-07, 97.64)

[node name="OmniLight3D" type="OmniLight3D" parent="campfires/campfire9"]
transform = Transform3D(1, 0, 0, 0, 1, 0, 0, 0, 1, 0, 0.705787, 0)
layers = 524289
light_color = Color(0.77, 0.325325, 0.00769999, 1)
light_energy = 6.302
shadow_enabled = true
shadow_bias = 0.679
omni_range = 83.571

[node name="the sticks" type="Node" parent="."]

[node name="big big wood stick" parent="the sticks" instance=ExtResource("11_8l1pf")]
transform = Transform3D(1, 0, 0, 0, 1, 0, 0, 0, 1, 11.3599, -1.73994, -7.95125)

[node name="big big wood stick2" parent="the sticks" instance=ExtResource("11_8l1pf")]
transform = Transform3D(1, 0, 0, 0, 1, 0, 0, 0, 1, 29.4077, -1.73994, 12.2396)

[node name="big big wood stick3" parent="the sticks" instance=ExtResource("11_8l1pf")]
transform = Transform3D(1, 0, 0, 0, 1, 0, 0, 0, 1, 32.1185, -1.23831, 2.31724)

[node name="big big wood stick4" parent="the sticks" instance=ExtResource("11_8l1pf")]
transform = Transform3D(1, 0, 0, 0, 1, 0, 0, 0, 1, 28.7704, -1.23831, 24.0744)

[node name="big big wood stick5" parent="the sticks" instance=ExtResource("11_8l1pf")]
transform = Transform3D(1, 0, 0, 0, 1, 0, 0, 0, 1, 37.6196, -1.59346, 32.1646)

[node name="big big wood stick6" parent="the sticks" instance=ExtResource("11_8l1pf")]
transform = Transform3D(0.866796, 0.0858875, 0.491211, -0.0238139, 0.991061, -0.131263, -0.498095, 0.102081, 0.861093, 30.2303, -1.59346, 39.0816)

[node name="big big wood stick7" parent="the sticks" instance=ExtResource("11_8l1pf")]
transform = Transform3D(0.992189, -0.124744, 0, 0.124744, 0.992189, 0, 0, 0, 1, 22.5864, -1.59346, 47.0294)

[node name="big big wood stick8" parent="the sticks" instance=ExtResource("11_8l1pf")]
transform = Transform3D(1, 0, 0, 0, 1, 0, 0, 0, 1, 18.405, -1.59346, 52.6293)

[node name="big big wood stick9" parent="the sticks" instance=ExtResource("11_8l1pf")]
transform = Transform3D(1, 0, 0, 0, 1, 0, 0, 0, 1, 17.0703, -1.59346, 63.6019)

[node name="big big wood stick10" parent="the sticks" instance=ExtResource("11_8l1pf")]
transform = Transform3D(0.998242, 0.0592715, 0, -0.0592715, 0.998242, 0, 0, 0, 1, 24.6973, -1.85718, 71.5672)

[node name="big big wood stick11" parent="the sticks" instance=ExtResource("11_8l1pf")]
transform = Transform3D(1, 0, 0, 0, 1, 0, 0, 0, 1, 38.0733, -0.921311, 64.1542)

[node name="big big wood stick12" parent="the sticks" instance=ExtResource("11_8l1pf")]
transform = Transform3D(0.981413, -0.191905, 0, 0.191905, 0.981413, 0, 0, 0, 1, 39.0377, -1.65182, 78.0346)

[node name="big big wood stick13" parent="the sticks" instance=ExtResource("11_8l1pf")]
transform = Transform3D(1, 0, 0, 0, 1, 0, 0, 0, 1, 44.7472, -2.33705, 42.8659)

[node name="big big wood stick15" parent="the sticks" instance=ExtResource("11_8l1pf")]
transform = Transform3D(1, 0, 0, 0, 1, 0, 0, 0, 1, 53.746, -1.59346, 64.0035)

[node name="big big wood stick16" parent="the sticks" instance=ExtResource("11_8l1pf")]
transform = Transform3D(1, 0, 0, 0, 1, 0, 0, 0, 1, 66.9119, -1.59346, 61.8104)

[node name="big big wood stick14" parent="the sticks" instance=ExtResource("11_8l1pf")]
transform = Transform3D(1, 0, 0, 0, 1, 0, 0, 0, 1, 53.2127, -0.715921, 50.8128)

[node name="big big wood stick17" parent="the sticks" instance=ExtResource("11_8l1pf")]
transform = Transform3D(1, 0, 0, 0, 1, 0, 0, 0, 1, 97.4569, -0.715921, 40.1925)

[node name="big big wood stick18" parent="the sticks" instance=ExtResource("11_8l1pf")]
transform = Transform3D(0.984702, -0.12905, -0.117082, 0.123753, 0.990978, -0.0514687, 0.122668, 0.0361921, 0.991788, 97.8344, -1.96408, 50.2607)

[node name="big big wood stick19" parent="the sticks" instance=ExtResource("11_8l1pf")]
transform = Transform3D(0.951583, -0.288101, -0.107182, 0.281856, 0.956916, -0.0697804, 0.122668, 0.0361921, 0.991788, 91.9948, -1.48296, 53.3038)

[node name="big big wood stick20" parent="the sticks" instance=ExtResource("11_8l1pf")]
transform = Transform3D(0.94811, 0.291086, -0.127888, -0.293324, 0.956012, 0.00139275, 0.122668, 0.0361921, 0.991788, 87.9697, -0.294854, 64.324)

[node name="big big wood stick37" parent="the sticks" instance=ExtResource("11_8l1pf")]
transform = Transform3D(0.94811, 0.291086, -0.127888, -0.293324, 0.956012, 0.00139275, 0.122668, 0.0361921, 0.991788, 93.6039, -0.294854, 73.5187)

[node name="big big wood stick38" parent="the sticks" instance=ExtResource("11_8l1pf")]
transform = Transform3D(0.94811, 0.291086, -0.127888, -0.293324, 0.956012, 0.00139275, 0.122668, 0.0361921, 0.991788, 97.2841, -0.294854, 86.0882)

[node name="big big wood stick39" parent="the sticks" instance=ExtResource("11_8l1pf")]
transform = Transform3D(-0.199192, -0.0596909, -0.978141, -0.293324, 0.956012, 0.00139275, 0.935031, 0.28719, -0.207938, 110.443, -0.294854, 89.1048)

[node name="big big wood stick40" parent="the sticks" instance=ExtResource("11_8l1pf")]
transform = Transform3D(-0.947063, -0.290777, 0.136088, -0.293324, 0.956012, 0.00139276, -0.130507, -0.0385989, -0.990696, 117.024, -1.11494, 96.7211)

[node name="big big wood stick41" parent="the sticks" instance=ExtResource("11_8l1pf")]
transform = Transform3D(0.93214, 0.286323, -0.22166, -0.293324, 0.956012, 0.00139276, 0.212309, 0.0637199, 0.975123, 110.95, -1.11494, 103.963)

[node name="big big wood stick21" parent="the sticks" instance=ExtResource("11_8l1pf")]
transform = Transform3D(0.979736, -0.163848, -0.115198, 0.157079, 0.985403, -0.065629, 0.12427, 0.0462037, 0.991172, 105.38, -0.294854, 37.3223)

[node name="big big wood stick22" parent="the sticks" instance=ExtResource("11_8l1pf")]
transform = Transform3D(1, 0, 0, 0, 1, 0, 0, 0, 1, 129.034, 0, 19.173)

[node name="big big wood stick23" parent="the sticks" instance=ExtResource("11_8l1pf")]
transform = Transform3D(1, 0, 0, 0, 1, 0, 0, 0, 1, 124.552, 0, 26.7526)

[node name="big big wood stick24" parent="the sticks" instance=ExtResource("11_8l1pf")]
transform = Transform3D(1, 0, 0, 0, 1, 0, 0, 0, 1, 115.305, 0, 28.0766)

[node name="big big wood stick25" parent="the sticks" instance=ExtResource("11_8l1pf")]
transform = Transform3D(1, 0, 0, 0, 1, 0, 0, 0, 1, 110.68, 0, 24.212)

[node name="big big wood stick26" parent="the sticks" instance=ExtResource("11_8l1pf")]
transform = Transform3D(1, 0, 0, 0, 1, 0, 0, 0, 1, 110.026, 0, 18.0015)

[node name="big big wood stick27" parent="the sticks" instance=ExtResource("11_8l1pf")]
transform = Transform3D(1, 0, 0, 0, 1, 0, 0, 0, 1, 111.947, 0, 11.5813)

[node name="big big wood stick28" parent="the sticks" instance=ExtResource("11_8l1pf")]
transform = Transform3D(1, 0, 0, 0, 1, 0, 0, 0, 1, 121.849, 0, 9.72432)

[node name="big big wood stick29" parent="the sticks" instance=ExtResource("11_8l1pf")]
transform = Transform3D(1, 0, 0, 0, 1, 0, 0, 0, 1, 100.452, 0, 16.627)

[node name="big big wood stick30" parent="the sticks" instance=ExtResource("11_8l1pf")]
transform = Transform3D(1, 0, 0, 0, 1, 0, 0, 0, 1, 93.753, 0, 1.01889)

[node name="big big wood stick31" parent="the sticks" instance=ExtResource("11_8l1pf")]
transform = Transform3D(1, 0, 0, 0, 1, 0, 0, 0, 1, 107.668, 0, -4.33266)

[node name="big big wood stick32" parent="the sticks" instance=ExtResource("11_8l1pf")]
transform = Transform3D(1, 0, 0, 0, 1, 0, 0, 0, 1, 125.449, 0, 1.56538)

[node name="big big wood stick33" parent="the sticks" instance=ExtResource("11_8l1pf")]
transform = Transform3D(1, 0, 0, 0, 1, 0, 0, 0, 1, 141.714, 0, 19.1069)

[node name="big big wood stick34" parent="the sticks" instance=ExtResource("11_8l1pf")]
transform = Transform3D(1, 0, 0, 0, 1, 0, 0, 0, 1, 134.206, 0, 31.3144)

[node name="big big wood stick35" parent="the sticks" instance=ExtResource("11_8l1pf")]
transform = Transform3D(1, 0, 0, 0, 1, 0, 0, 0, 1, 149.248, 0, 31.4951)

[node name="big big wood stick36" parent="the sticks" instance=ExtResource("11_8l1pf")]
transform = Transform3D(1, 0, 0, 0, 1, 0, 0, 0, 1, 123.932, 0, 38.8026)

[node name="carrots" type="Node" parent="."]

[node name="Carrot" type="MeshInstance3D" parent="carrots" groups=["carrot"]]
transform = Transform3D(1, 0, 0, 0, 1, 0, 0, 0, 1, 34.5639, 0.796383, 143.664)
mesh = SubResource("TextMesh_35dys")
skeleton = NodePath("")

[node name="pickable" parent="carrots/Carrot" instance=ExtResource("7_aui3r")]
transform = Transform3D(1, 0, 0, 0, 1, 0, 0, 0, 1, 4.65661e-10, 0, 1.90735e-06)

[node name="Carrot2" type="MeshInstance3D" parent="carrots" groups=["carrot"]]
transform = Transform3D(1, 0, 0, 0, 1, 0, 0, 0, 1, 123.868, 0.796383, 14.0187)
mesh = SubResource("TextMesh_35dys")
skeleton = NodePath("")

[node name="pickable" parent="carrots/Carrot2" instance=ExtResource("7_aui3r")]
transform = Transform3D(1, 0, 0, 0, 1, 0, 0, 0, 1, 4.65661e-10, 0, 1.90735e-06)

[node name="Carrot3" type="MeshInstance3D" parent="carrots" groups=["carrot"]]
transform = Transform3D(1, 0, 0, 0, 1, 0, 0, 0, 1, 126.984, 0.796383, 112.613)
mesh = SubResource("TextMesh_35dys")
skeleton = NodePath("")

[node name="pickable" parent="carrots/Carrot3" instance=ExtResource("7_aui3r")]
transform = Transform3D(1, 0, 0, 0, 1, 0, 0, 0, 1, 4.65661e-10, 0, 1.90735e-06)

[node name="Carrot4" type="MeshInstance3D" parent="carrots" groups=["carrot"]]
transform = Transform3D(1, 0, 0, 0, 1, 0, 0, 0, 1, 158.969, 0.796383, 87.9585)
mesh = SubResource("TextMesh_35dys")
skeleton = NodePath("")

[node name="pickable" parent="carrots/Carrot4" instance=ExtResource("7_aui3r")]
transform = Transform3D(1, 0, 0, 0, 1, 0, 0, 0, 1, 4.65661e-10, 0, 1.90735e-06)

[node name="enemies" type="Node" parent="."]

[node name="Enemy" parent="enemies" instance=ExtResource("9_52cx1")]
transform = Transform3D(1, 0, 0, 0, 1, 0, 0, 0, 1, 43.9084, 1, 50.1319)

[node name="Enemy5" parent="enemies" instance=ExtResource("9_52cx1")]
transform = Transform3D(1, 0, 0, 0, 1, 0, 0, 0, 1, 32.0883, 1, 47.9361)

[node name="Enemy2" parent="enemies" instance=ExtResource("9_52cx1")]
transform = Transform3D(0.837843, 0, -0.545912, 0, 1, 0, 0.545912, 0, 0.837843, 27.7265, 1, 52.9273)

[node name="Enemy4" parent="enemies" instance=ExtResource("9_52cx1")]
transform = Transform3D(0.990246, 0, -0.139329, 0, 1, 0, 0.139329, 0, 0.990246, 31.5525, 1, 59.8943)

[node name="Enemy3" parent="enemies" instance=ExtResource("9_52cx1")]
transform = Transform3D(0.842828, 0, 0.538182, 0, 1, 0, -0.538182, 0, 0.842828, 38.3602, 1, 54.8622)

[node name="Enemy6" parent="enemies" instance=ExtResource("9_52cx1")]
transform = Transform3D(0.842828, 0, 0.538182, 0, 1, 0, -0.538182, 0, 0.842828, 9.2944, 1, -1.81392)

[node name="trees" type="Node" parent="."]

[node name="spruce_01" parent="trees" instance=ExtResource("12_2s815")]
transform = Transform3D(0.988252, 0.15274, -0.00525107, 8.5264e-10, 0.0343588, 0.99941, 0.152831, -0.987669, 0.0339552, 99.1146, -0.229252, 55.656)

[node name="spruce_02" parent="trees" instance=ExtResource("12_2s815")]
transform = Transform3D(0.999234, 0.0383926, 0.00760055, -0.0389891, 0.959579, 0.278726, 0.00340768, -0.278808, 0.960341, 94.9295, 0, 42.6506)

[node name="spruce_05" parent="trees" instance=ExtResource("12_2s815")]
transform = Transform3D(0.71575, -0.167823, 0.677892, -0.0389891, 0.959579, 0.278726, -0.697267, -0.225928, 0.680275, 102.891, 0, 30.5811)

[node name="spruce_06" parent="trees" instance=ExtResource("12_2s815")]
transform = Transform3D(0.487026, 0.261812, -0.833223, 0.0931643, 0.932996, 0.347618, 0.868404, -0.246925, 0.430002, 108.411, 9.53674e-07, 36.9675)

[node name="spruce_04" parent="trees" instance=ExtResource("12_2s815")]
transform = Transform3D(0.9654, 0.245687, 0.0874155, -0.25221, 0.964876, 0.073515, -0.0662834, -0.0930185, 0.993456, 102.73, -0.448493, 42.4731)

[node name="spruce_03" parent="trees" instance=ExtResource("12_2s815")]
transform = Transform3D(0.984362, -0.157766, 0.0783659, 0.132236, 0.955698, 0.262972, -0.116382, -0.248497, 0.961615, 91.828, 0, 48.4966)

[node name="spruce_07" parent="trees" instance=ExtResource("12_2s815")]
transform = Transform3D(1, 0, 0, 0, 1, 0, 0, 0, 1, 93.8753, -1.90735e-06, 77.3759)

[node name="spruce_17" parent="trees" instance=ExtResource("12_2s815")]
transform = Transform3D(1, 0, 0, 0, 1, 0, 0, 0, 1, 78.4735, 9.50066, 74.446)

[node name="spruce_18" parent="trees" instance=ExtResource("12_2s815")]
transform = Transform3D(1, 0, 0, 0, 1, 0, 0, 0, 1, 66.3195, 9.50066, 73.5128)

[node name="spruce_19" parent="trees" instance=ExtResource("12_2s815")]
transform = Transform3D(1, 0, 0, 0, 1, 0, 0, 0, 1, 70.6249, 9.50066, 78.174)

[node name="spruce_20" parent="trees" instance=ExtResource("12_2s815")]
transform = Transform3D(1, 0, 0, 0, 1, 0, 0, 0, 1, 74.0603, 9.50066, 76.3705)

[node name="spruce_21" parent="trees" instance=ExtResource("12_2s815")]
transform = Transform3D(1, 0, 0, 0, 1, 0, 0, 0, 1, 74.0603, 9.50066, 76.3705)

[node name="spruce_22" parent="trees" instance=ExtResource("12_2s815")]
transform = Transform3D(1, 0, 0, 0, 1, 0, 0, 0, 1, 65.8714, 9.50066, 83.6005)

[node name="spruce_23" parent="trees" instance=ExtResource("12_2s815")]
transform = Transform3D(1, 0, 0, 0, 1, 0, 0, 0, 1, 60.4606, 9.50066, 89.4099)

[node name="spruce_24" parent="trees" instance=ExtResource("12_2s815")]
transform = Transform3D(1, 0, 0, 0, 1, 0, 0, 0, 1, 57.3354, 9.50066, 78.0357)

[node name="spruce_16" parent="trees" instance=ExtResource("12_2s815")]
transform = Transform3D(0.967334, 0.238513, 0.0858841, -0.253505, 0.910129, 0.32772, 0, -0.338787, 0.940863, 83.447, 10.1286, 76.2985)

[node name="spruce_15" parent="trees" instance=ExtResource("12_2s815")]
transform = Transform3D(0.693192, 0.323156, 0.644248, -0.408035, 0.912772, -0.0188147, -0.594132, -0.249834, 0.764585, 102.233, -9.53674e-07, 90.6962)

[node name="spruce_09" parent="trees" instance=ExtResource("12_2s815")]
transform = Transform3D(1, 0, 0, 0, 1, 0, 0, 0, 1, 104.223, -1.90735e-06, 81.25)

[node name="spruce_10" parent="trees" instance=ExtResource("12_2s815")]
transform = Transform3D(1, 0, 0, 0, 1, 0, 0, 0, 1, 103.081, -1.90735e-06, 78.4466)

[node name="spruce_11" parent="trees" instance=ExtResource("12_2s815")]
transform = Transform3D(0.776441, -0.166568, 0.607778, 0.209755, 0.977754, 0, -0.594257, 0.127485, 0.794107, 99.8357, -1.90735e-06, 90.4669)

[node name="spruce_12" parent="trees" instance=ExtResource("12_2s815")]
transform = Transform3D(0.776441, -0.166568, 0.607778, 0.209755, 0.977754, 0, -0.594257, 0.127485, 0.794107, 108.278, -1.90735e-06, 97.0671)

[node name="spruce_13" parent="trees" instance=ExtResource("12_2s815")]
transform = Transform3D(-0.691907, 0.148433, 0.706564, 0.209755, 0.977754, 1.49732e-08, -0.690845, 0.148205, -0.70765, 115.542, -1.90735e-06, 92.1878)

[node name="spruce_14" parent="trees" instance=ExtResource("12_2s815")]
transform = Transform3D(-0.708739, -0.0924858, -0.699383, 0.0384702, 0.984828, -0.169218, 0.704421, -0.146837, -0.694427, 109.189, -1.90735e-06, 86.0806)

[node name="spruce_08" parent="trees" instance=ExtResource("12_2s815")]
transform = Transform3D(0.908959, 0.234599, 0.34461, -0.249907, 0.96827, 0, -0.333676, -0.0861204, 0.938746, 100.377, -9.53674e-07, 71.9087)

[node name="forest" type="GridMap" parent="."]
mesh_library = ExtResource("8_4e57c")
cell_size = Vector3(1, 2, 1)
cell_center_y = false
data = {
"cells": PackedInt32Array(65522, 65534, 0, 65520, 65529, 0, 65516, 65533, 0, 65518, 65524, 0, 65514, 65527, 0, 65528, 1, 0, 18, 2, 0, 12, 1, 0, 32, 65532, 0, 65511, 3, 0, 53, 39, 0, 49, 32, 0, 51, 45, 0, 46, 39, 0, 40, 29, 0, 26, 36, 1441792, 26, 37, 1441792, 20, 42, 1441792, 21, 73, 1441792, 35, 82, 1441792, 62, 54, 1441792, 39, 67, 1441792, 40, 67, 1441792, 41, 62, 1441792, 50, 66, 1441792, 95, 64, 1441792, 81, 54, 1441792, 76, 64, 1441792, 127, 8, 655360, 132, 15, 655360, 130, 24, 655360, 125, 32, 655360, 118, 30, 655360, 118, 5, 655360, 110, 6, 655360, 110, 7, 655360, 106, 15, 655360, 107, 22, 655360, 145, 25, 655360, 143, 36, 655360, 115, 65526, 655360, 114, 65526, 655360, 108, 65525, 655360, 111, 65530, 655360, 119, 65529, 655360, 88, 11, 655360, 89, 11, 655360, 92, 14, 655360, 88, 4, 655360, 97, 65529, 655360, 132, 37, 655360)
}
metadata/_editor_floor_ = Vector3(0, 0, 0)

[node name="foliage" type="GridMap" parent="."]
mesh_library = ExtResource("7_bgqhr")
cell_size = Vector3(1, 2, 1)
cell_center_y = false
cell_scale = 0.905
data = {
